48 123 120 116
48 123 121 105
48 123 122 94
48 123 123 83
48 123 124 72
48 124 109 116
48 124 110 105
48 124 111 94
48 124 112 83
48 124 113 72
48 124 114 61
48 124 115 50
48 124 116 39
49 112 120 116
49 112 121 105
49 112 122 94
49 112 123 83
49 112 124 72
49 113 109 116
49 113 110 105
49 113 111 94
49 113 112 83
49 113 113 72
49 113 114 61
49 113 115 50
49 113 116 39
49 114 98 116
49 114 99 105
49 114 100 94
49 114 101 83
49 114 102 72
49 114 103 61
49 114 104 50
49 114 105 39
49 115 87 116
49 115 88 105
49 115 89 94
49 115 90 83
49 115 91 72
49 115 92 61
49 115 93 50
49 115 94 39
49 116 76 116
49 116 77 105
49 116 78 94
49 116 79 83
49 116 80 72
49 116 81 61
49 116 82 50
49 116 83 39
49 117 65 116
49 117 66 105
49 117 67 94
49 117 68 83
49 117 69 72
49 117 70 61
49 117 71 50
49 117 72 39
49 118 54 116
49 118 55 105
49 118 56 94
49 118 57 83
49 118 58 72
49 118 59 61
49 118 60 50
49 118 61 39
49 119 43 116
49 119 44 105
49 119 45 94
49 119 46 83
49 119 47 72
49 119 48 61
49 119 49 50
49 119 50 39
49 120 32 116
49 120 33 105
49 120 34 94
49 120 35 83
49 120 36 72
49 120 37 61
49 120 38 50
49 120 39 39
50 101 120 116
50 101 121 105
50 101 122 94
50 101 123 83
50 101 124 72
50 102 109 116
50 102 110 105
50 102 111 94
50 102 112 83
50 102 113 72
50 102 114 61
50 102 115 50
50 102 116 39
50 103 98 116
50 103 99 105
50 103 100 94
50 103 101 83
50 103 102 72
50 103 103 61
50 103 104 50
50 103 105 39
50 104 87 116
50 104 88 105
50 104 89 94
50 104 90 83
50 104 91 72
50 104 92 61
50 104 93 50
50 104 94 39
50 105 76 116
50 105 77 105
50 105 78 94
50 105 79 83
50 105 80 72
50 105 81 61
50 105 82 50
50 105 83 39
50 106 65 116
50 106 66 105
50 106 67 94
50 106 68 83
50 106 69 72
50 106 70 61
50 106 71 50
50 106 72 39
50 107 54 116
50 107 55 105
50 107 56 94
50 107 57 83
50 107 58 72
50 107 59 61
50 107 60 50
50 107 61 39
50 108 43 116
50 108 44 105
50 108 45 94
50 108 46 83
50 108 47 72
50 108 48 61
50 108 49 50
50 108 50 39
50 109 32 116
50 109 33 105
50 109 34 94
50 109 35 83
50 109 36 72
50 109 37 61
50 109 38 50
50 109 39 39
51 90 120 116
51 90 121 105
51 90 122 94
51 90 123 83
51 90 124 72
51 91 109 116
51 91 110 105
51 91 111 94
51 91 112 83
51 91 113 72
51 91 114 61
51 91 115 50
51 91 116 39
51 92 98 116
51 92 99 105
51 92 100 94
51 92 101 83
51 92 102 72
51 92 103 61
51 92 104 50
51 92 105 39
51 93 87 116
51 93 88 105
51 93 89 94
51 93 90 83
51 93 91 72
51 93 92 61
51 93 93 50
51 93 94 39
51 94 76 116
51 94 77 105
51 94 78 94
51 94 79 83
51 94 80 72
51 94 81 61
51 94 82 50
51 94 83 39
51 95 65 116
51 95 66 105
51 95 67 94
51 95 68 83
51 95 69 72
51 95 70 61
51 95 71 50
51 95 72 39
51 96 54 116
51 96 55 105
51 96 56 94
51 96 57 83
51 96 58 72
51 96 59 61
51 96 60 50
51 96 61 39
51 97 43 116
51 97 44 105
51 97 45 94
51 97 46 83
51 97 47 72
51 97 48 61
51 97 49 50
51 97 50 39
51 98 32 116
51 98 33 105
51 98 34 94
51 98 35 83
51 98 36 72
51 98 37 61
51 98 38 50
51 98 39 39
52 79 120 116
52 79 121 105
52 79 122 94
52 79 123 83
52 79 124 72
52 80 109 116
52 80 110 105
52 80 111 94
52 80 112 83
52 80 113 72
52 80 114 61
52 80 115 50
52 80 116 39
52 81 98 116
52 81 99 105
52 81 100 94
52 81 101 83
52 81 102 72
52 81 103 61
52 81 104 50
52 81 105 39
52 82 87 116
52 82 88 105
52 82 89 94
52 82 90 83
52 82 91 72
52 82 92 61
52 82 93 50
52 82 94 39
52 83 76 116
52 83 77 105
52 83 78 94
52 83 79 83
52 83 80 72
52 83 81 61
52 83 82 50
52 83 83 39
52 84 65 116
52 84 66 105
52 84 67 94
52 84 68 83
52 84 69 72
52 84 70 61
52 84 71 50
52 84 72 39
52 85 54 116
52 85 55 105
52 85 56 94
52 85 57 83
52 85 58 72
52 85 59 61
52 85 60 50
52 85 61 39
52 86 43 116
52 86 44 105
52 86 45 94
52 86 46 83
52 86 47 72
52 86 48 61
52 86 49 50
52 86 50 39
52 87 32 116
52 87 33 105
52 87 34 94
52 87 35 83
52 87 36 72
52 87 37 61
52 87 38 50
52 87 39 39
53 68 120 116
53 68 121 105
53 68 122 94
53 68 123 83
53 68 124 72
53 69 109 116
53 69 110 105
53 69 111 94
53 69 112 83
53 69 113 72
53 69 114 61
53 69 115 50
53 69 116 39
53 70 98 116
53 70 99 105
53 70 100 94
53 70 101 83
53 70 102 72
53 70 103 61
53 70 104 50
53 70 105 39
53 71 87 116
53 71 88 105
53 71 89 94
53 71 90 83
53 71 91 72
53 71 92 61
53 71 93 50
53 71 94 39
53 72 76 116
53 72 77 105
53 72 78 94
53 72 79 83
53 72 80 72
53 72 81 61
53 72 82 50
53 72 83 39
53 73 65 116
53 73 66 105
53 73 67 94
53 73 68 83
53 73 69 72
53 73 70 61
53 73 71 50
53 73 72 39
53 74 54 116
53 74 55 105
53 74 56 94
53 74 57 83
53 74 58 72
53 74 59 61
53 74 60 50
53 74 61 39
53 75 43 116
53 75 44 105
53 75 45 94
53 75 46 83
53 75 47 72
53 75 48 61
53 75 49 50
53 75 50 39
53 76 32 116
53 76 33 105
53 76 34 94
53 76 35 83
53 76 36 72
53 76 37 61
53 76 38 50
53 76 39 39
54 57 120 116
54 57 121 105
54 57 122 94
54 57 123 83
54 57 124 72
54 58 109 116
54 58 110 105
54 58 111 94
54 58 112 83
54 58 113 72
54 58 114 61
54 58 115 50
54 58 116 39
54 59 98 116
54 59 99 105
54 59 100 94
54 59 101 83
54 59 102 72
54 59 103 61
54 59 104 50
54 59 105 39
54 60 87 116
54 60 88 105
54 60 89 94
54 60 90 83
54 60 91 72
54 60 92 61
54 60 93 50
54 60 94 39
54 61 76 116
54 61 77 105
54 61 78 94
54 61 79 83
54 61 80 72
54 61 81 61
54 61 82 50
54 61 83 39
54 62 65 116
54 62 66 105
54 62 67 94
54 62 68 83
54 62 69 72
54 62 70 61
54 62 71 50
54 62 72 39
54 63 54 116
54 63 55 105
54 63 56 94
54 63 57 83
54 63 58 72
54 63 59 61
54 63 60 50
54 63 61 39
54 64 43 116
54 64 44 105
54 64 45 94
54 64 46 83
54 64 47 72
54 64 48 61
54 64 49 50
54 64 50 39
54 65 32 116
54 65 33 105
54 65 34 94
54 65 35 83
54 65 36 72
54 65 37 61
54 65 38 50
54 65 39 39
55 46 120 116
55 46 121 105
55 46 122 94
55 46 123 83
55 46 124 72
55 47 109 116
55 47 110 105
55 47 111 94
55 47 112 83
55 47 113 72
55 47 114 61
55 47 115 50
55 47 116 39
55 48 98 116
55 48 99 105
55 48 100 94
55 48 101 83
55 48 102 72
55 48 103 61
55 48 104 50
55 48 105 39
55 49 87 116
55 49 88 105
55 49 89 94
55 49 90 83
55 49 91 72
55 49 92 61
55 49 93 50
55 49 94 39
55 50 76 116
55 50 77 105
55 50 78 94
55 50 79 83
55 50 80 72
55 50 81 61
55 50 82 50
55 50 83 39
55 51 65 116
55 51 66 105
55 51 67 94
55 51 68 83
55 51 69 72
55 51 70 61
55 51 71 50
55 51 72 39
55 52 54 116
55 52 55 105
55 52 56 94
55 52 57 83
55 52 58 72
55 52 59 61
55 52 60 50
55 52 61 39
55 53 43 116
55 53 44 105
55 53 45 94
55 53 46 83
55 53 47 72
55 53 48 61
55 53 49 50
55 53 50 39
55 54 32 116
55 54 33 105
55 54 34 94
55 54 35 83
55 54 36 72
55 54 37 61
55 54 38 50
55 54 39 39
56 35 120 116
56 35 121 105
56 35 122 94
56 35 123 83
56 35 124 72
56 36 109 116
56 36 110 105
56 36 111 94
56 36 112 83
56 36 113 72
56 36 114 61
56 36 115 50
56 36 116 39
56 37 98 116
56 37 99 105
56 37 100 94
56 37 101 83
56 37 102 72
56 37 103 61
56 37 104 50
56 37 105 39
56 38 87 116
56 38 88 105
56 38 89 94
56 38 90 83
56 38 91 72
56 38 92 61
56 38 93 50
56 38 94 39
56 39 76 116
56 39 77 105
56 39 78 94
56 39 79 83
56 39 80 72
56 39 81 61
56 39 82 50
56 39 83 39
56 40 65 116
56 40 66 105
56 40 67 94
56 40 68 83
56 40 69 72
56 40 70 61
56 40 71 50
56 40 72 39
56 41 54 116
56 41 55 105
56 41 56 94
56 41 57 83
56 41 58 72
56 41 59 61
56 41 60 50
56 41 61 39
56 42 43 116
56 42 44 105
56 42 45 94
56 42 46 83
56 42 47 72
56 42 48 61
56 42 49 50
56 42 50 39
56 43 32 116
56 43 33 105
56 43 34 94
56 43 35 83
56 43 36 72
56 43 37 61
56 43 38 50
56 43 39 39
57 32 32 116
57 32 33 105
57 32 34 94
57 32 35 83
57 32 36 72
57 32 37 61
57 32 38 50
57 32 39 39
98 115 116 114
98 115 117 103
98 115 118 92
98 115 119 81
98 115 120 70
98 115 121 59
98 115 122 48
98 115 123 37
98 116 105 114
98 116 106 103
98 116 107 92
98 116 108 81
98 116 109 70
98 116 110 59
98 116 111 48
98 116 112 37
98 117 94 114
98 117 95 103
98 117 96 92
98 117 97 81
98 117 98 70
98 117 99 59
98 117 100 48
98 117 101 37
98 118 83 114
98 118 84 103
98 118 85 92
98 118 86 81
98 118 87 70
98 118 88 59
98 118 89 48
98 118 90 37
98 119 72 114
98 119 73 103
98 119 74 92
98 119 75 81
98 119 76 70
98 119 77 59
98 119 78 48
98 119 79 37
98 120 61 114
98 120 62 103
98 120 63 92
98 120 64 81
98 120 65 70
98 120 66 59
98 120 67 48
98 120 68 37
98 121 50 114
98 121 51 103
98 121 52 92
98 121 53 81
98 121 54 70
98 121 55 59
98 121 56 48
98 121 57 37
98 122 39 114
98 122 40 103
98 122 41 92
98 122 42 81
98 122 43 70
98 122 44 59
98 122 45 48
98 122 46 37
98 123 32 70
98 123 33 59
98 123 34 48
98 123 35 37
99 104 116 114
99 104 117 103
99 104 118 92
99 104 119 81
99 104 120 70
99 104 121 59
99 104 122 48
99 104 123 37
99 105 105 114
99 105 106 103
99 105 107 92
99 105 108 81
99 105 109 70
99 105 110 59
99 105 111 48
99 105 112 37
99 106 94 114
99 106 95 103
99 106 96 92
99 106 97 81
99 106 98 70
99 106 99 59
99 106 100 48
99 106 101 37
99 107 83 114
99 107 84 103
99 107 85 92
99 107 86 81
99 107 87 70
99 107 88 59
99 107 89 48
99 107 90 37
99 108 72 114
99 108 73 103
99 108 74 92
99 108 75 81
99 108 76 70
99 108 77 59
99 108 78 48
99 108 79 37
99 109 61 114
99 109 62 103
99 109 63 92
99 109 64 81
99 109 65 70
99 109 66 59
99 109 67 48
99 109 68 37
99 110 50 114
99 110 51 103
99 110 52 92
99 110 53 81
99 110 54 70
99 110 55 59
99 110 56 48
99 110 57 37
99 111 39 114
99 111 40 103
99 111 41 92
99 111 42 81
99 111 43 70
99 111 44 59
99 111 45 48
99 111 46 37
99 112 32 70
99 112 33 59
99 112 34 48
99 112 35 37
100 93 116 114
100 93 117 103
100 93 118 92
100 93 119 81
100 93 120 70
100 93 121 59
100 93 122 48
100 93 123 37
100 94 105 114
100 94 106 103
100 94 107 92
100 94 108 81
100 94 109 70
100 94 110 59
100 94 111 48
100 94 112 37
100 95 94 114
100 95 95 103
100 95 96 92
100 95 97 81
100 95 98 70
100 95 99 59
100 95 100 48
100 95 101 37
100 96 83 114
100 96 84 103
100 96 85 92
100 96 86 81
100 96 87 70
100 96 88 59
100 96 89 48
100 96 90 37
100 97 72 114
100 97 73 103
100 97 74 92
100 97 75 81
100 97 76 70
100 97 77 59
100 97 78 48
100 97 79 37
100 98 61 114
100 98 62 103
100 98 63 92
100 98 64 81
100 98 65 70
100 98 66 59
100 98 67 48
100 98 68 37
100 99 50 114
100 99 51 103
100 99 52 92
100 99 53 81
100 99 54 70
100 99 55 59
100 99 56 48
100 99 57 37
100 100 39 114
100 100 40 103
100 100 41 92
100 100 42 81
100 100 43 70
100 100 44 59
100 100 45 48
100 100 46 37
100 101 32 70
100 101 33 59
100 101 34 48
100 101 35 37
101 82 116 114
101 82 117 103
101 82 118 92
101 82 119 81
101 82 120 70
101 82 121 59
101 82 122 48
101 82 123 37
101 83 105 114
101 83 106 103
101 83 107 92
101 83 108 81
101 83 109 70
101 83 110 59
101 83 111 48
101 83 112 37
101 84 94 114
101 84 95 103
101 84 96 92
101 84 97 81
101 84 98 70
101 84 99 59
101 84 100 48
101 84 101 37
101 85 83 114
101 85 84 103
101 85 85 92
101 85 86 81
101 85 87 70
101 85 88 59
101 85 89 48
101 85 90 37
101 86 72 114
101 86 73 103
101 86 74 92
101 86 75 81
101 86 76 70
101 86 77 59
101 86 78 48
101 86 79 37
101 87 61 114
101 87 62 103
101 87 63 92
101 87 64 81
101 87 65 70
101 87 66 59
101 87 67 48
101 87 68 37
101 88 50 114
101 88 51 103
101 88 52 92
101 88 53 81
101 88 54 70
101 88 55 59
101 88 56 48
101 88 57 37
101 89 39 114
101 89 40 103
101 89 41 92
101 89 42 81
101 89 43 70
101 89 44 59
101 89 45 48
101 89 46 37
101 90 32 70
101 90 33 59
101 90 34 48
101 90 35 37
102 71 116 114
102 71 117 103
102 71 118 92
102 71 119 81
102 71 120 70
102 71 121 59
102 71 122 48
102 71 123 37
102 72 105 114
102 72 106 103
102 72 107 92
102 72 108 81
102 72 109 70
102 72 110 59
102 72 111 48
102 72 112 37
102 73 94 114
102 73 95 103
102 73 96 92
102 73 97 81
102 73 98 70
102 73 99 59
102 73 100 48
102 73 101 37
102 74 83 114
102 74 84 103
102 74 85 92
102 74 86 81
102 74 87 70
102 74 88 59
102 74 89 48
102 74 90 37
102 75 72 114
102 75 73 103
102 75 74 92
102 75 75 81
102 75 76 70
102 75 77 59
102 75 78 48
102 75 79 37
102 76 61 114
102 76 62 103
102 76 63 92
102 76 64 81
102 76 65 70
102 76 66 59
102 76 67 48
102 76 68 37
102 77 50 114
102 77 51 103
102 77 52 92
102 77 53 81
102 77 54 70
102 77 55 59
102 77 56 48
102 77 57 37
102 78 39 114
102 78 40 103
102 78 41 92
102 78 42 81
102 78 43 70
102 78 44 59
102 78 45 48
102 78 46 37
102 79 32 70
102 79 33 59
102 79 34 48
102 79 35 37
103 60 116 114
103 60 117 103
103 60 118 92
103 60 119 81
103 60 120 70
103 60 121 59
103 60 122 48
103 60 123 37
103 61 105 114
103 61 106 103
103 61 107 92
103 61 108 81
103 61 109 70
103 61 110 59
103 61 111 48
103 61 112 37
103 62 94 114
103 62 95 103
103 62 96 92
103 62 97 81
103 62 98 70
103 62 99 59
103 62 100 48
103 62 101 37
103 63 83 114
103 63 84 103
103 63 85 92
103 63 86 81
103 63 87 70
103 63 88 59
103 63 89 48
103 63 90 37
103 64 72 114
103 64 73 103
103 64 74 92
103 64 75 81
103 64 76 70
103 64 77 59
103 64 78 48
103 64 79 37
103 65 61 114
103 65 62 103
103 65 63 92
103 65 64 81
103 65 65 70
103 65 66 59
103 65 67 48
103 65 68 37
103 66 50 114
103 66 51 103
103 66 52 92
103 66 53 81
103 66 54 70
103 66 55 59
103 66 56 48
103 66 57 37
103 67 39 114
103 67 40 103
103 67 41 92
103 67 42 81
103 67 43 70
103 67 44 59
103 67 45 48
103 67 46 37
103 68 32 70
103 68 33 59
103 68 34 48
103 68 35 37
104 49 116 114
104 49 117 103
104 49 118 92
104 49 119 81
104 49 120 70
104 49 121 59
104 49 122 48
104 49 123 37
104 50 105 114
104 50 106 103
104 50 107 92
104 50 108 81
104 50 109 70
104 50 110 59
104 50 111 48
104 50 112 37
104 51 94 114
104 51 95 103
104 51 96 92
104 51 97 81
104 51 98 70
104 51 99 59
104 51 100 48
104 51 101 37
104 52 83 114
104 52 84 103
104 52 85 92
104 52 86 81
104 52 87 70
104 52 88 59
104 52 89 48
104 52 90 37
104 53 72 114
104 53 73 103
104 53 74 92
104 53 75 81
104 53 76 70
104 53 77 59
104 53 78 48
104 53 79 37
104 54 61 114
104 54 62 103
104 54 63 92
104 54 64 81
104 54 65 70
104 54 66 59
104 54 67 48
104 54 68 37
104 55 50 114
104 55 51 103
104 55 52 92
104 55 53 81
104 55 54 70
104 55 55 59
104 55 56 48
104 55 57 37
104 56 39 114
104 56 40 103
104 56 41 92
104 56 42 81
104 56 43 70
104 56 44 59
104 56 45 48
104 56 46 37
104 57 32 70
104 57 33 59
104 57 34 48
104 57 35 37
105 38 116 114
105 38 117 103
105 38 118 92
105 38 119 81
105 38 120 70
105 38 121 59
105 38 122 48
105 38 123 37
105 39 105 114
105 39 106 103
105 39 107 92
105 39 108 81
105 39 109 70
105 39 110 59
105 39 111 48
105 39 112 37
105 40 94 114
105 40 95 103
105 40 96 92
105 40 97 81
105 40 98 70
105 40 99 59
105 40 100 48
105 40 101 37
105 41 83 114
105 41 84 103
105 41 85 92
105 41 86 81
105 41 87 70
105 41 88 59
105 41 89 48
105 41 90 37
105 42 72 114
105 42 73 103
105 42 74 92
105 42 75 81
105 42 76 70
105 42 77 59
105 42 78 48
105 42 79 37
105 43 61 114
105 43 62 103
105 43 63 92
105 43 64 81
105 43 65 70
105 43 66 59
105 43 67 48
105 43 68 37
105 44 50 114
105 44 51 103
105 44 52 92
105 44 53 81
105 44 54 70
105 44 55 59
105 44 56 48
105 44 57 37
105 45 39 114
105 45 40 103
105 45 41 92
105 45 42 81
105 45 43 70
105 45 44 59
105 45 45 48
105 45 46 37
105 46 32 70
105 46 33 59
105 46 34 48
105 46 35 37
106 32 61 114
106 32 62 103
106 32 63 92
106 32 64 81
106 32 65 70
106 32 66 59
106 32 67 48
106 32 68 37
106 33 50 114
106 33 51 103
106 33 52 92
106 33 53 81
106 33 54 70
106 33 55 59
106 33 56 48
106 33 57 37
106 34 39 114
106 34 40 103
106 34 41 92
106 34 42 81
106 34 43 70
106 34 44 59
106 34 45 48
106 34 46 37
106 35 32 70
106 35 33 59
106 35 34 48
106 35 35 37
done
